1.01594 1.13102 0.69391
1.00502 1.12598 0.677347
0.994256 1.12053 0.660528
0.983643 1.11468 0.643452
0.973164 1.10841 0.626117
0.962808 1.10174 0.60852
0.952561 1.09464 0.59066
0.942413 1.08712 0.572533
0.932352 1.07917 0.554137
0.922367 1.07079 0.535468
0.912448 1.06196 0.51652
0.902584 1.05269 0.497291
0.892766 1.04295 0.477774
0.882983 1.03275 0.457963
0.873225 1.02206 0.437852
0.863482 1.01088 0.417432
0.853744 0.999194 0.396695
0.844 0.986983 0.375631
0.834238 0.974229 0.354228
0.824444 0.960915 0.332473
0.814612 0.94702 0.310358
0.804746 0.932521 0.287867
0.794813 0.91736 0.26494
0.784679 0.901476 0.241513
0.77432 0.884966 0.21776
0.764361 0.868097 0.194067
0.755582 0.850349 0.169733
0.745114 0.829173 0.141462
0.726663 0.804432 0.10939
0.712952 0.788167 0.0887676
0.730285 0.781035 0.079834
0.680399 0.731951 0.0205788
0.635232 0.685725 -0.0320438
0.594301 0.643897 -0.0783153
0.556395 0.604081 -0.119702
0.520604 0.565704 -0.157205
0.486607 0.528683 -0.191178
0.45373 0.492484 -0.222314
0.422091 0.457382 -0.250512
0.391376 0.422787 -0.276115
0.36125 0.388848 -0.299396
0.331837 0.355772 -0.320269
0.302635 0.323047 -0.339107
0.274133 0.29127 -0.355592
0.245344 0.259377 -0.370309
0.217556 0.228831 -0.382579
0.188576 0.197242 -0.39339
0.161571 0.168099 -0.401507
0.13141 0.135866 -0.408519
0.105845 0.108869 -0.412509
0.0726874 0.0742111 -0.415544
0.0513129 0.0521772 -0.415717
0.0144629 0.0145311 -0.414063
0.01 0.0100414 -0.413459
0 0 -0.412
