warning: GDB: Failed to set controlling terminal: Operation not permitted
Start value of U[0] = 0.0 U[1] = -0.412 

Explicit Method complete
Iterations	quantity is 1321

Neyavni Method complete0.99588   0  -0

  0 0.99176 -0.00169744

0.995863   0  -0

  0 0.991726 -2.93403e-08

0.995863   0  -0

  0 0.991726 -8.30716e-16

0.995863   0 0.00999983

  0 0.991726 -0.0013991

0.995849 0.000100413 1.41653e-07

  0 0.991698 -1.99406e-08

0.995849 0.000100414 -1.68268e-16

  0 0.991698 -5.21068e-16

0.997931   0 0.00499992

  0 0.995863 -0.000699552

0.997928 2.50511e-05 1.75986e-08

  0 0.995856 -2.48617e-09

0.997928 2.50511e-05 -4.33681e-18

  0 0.995856 -4.17418e-17

0.998966   0 0.00249996

  0 0.997931 -0.000349776

0.998965 6.25671e-06 2.19246e-09

  0 0.99793 -3.16624e-10

0.998965 6.25671e-06 0.00250253

  0 0.99793 -0.000330978

0.998964 1.25195e-05 2.07718e-09

  0 0.997928 -2.84026e-10

0.997928 2.50373e-05 0.00501019

  0 0.995856 -0.000624289

0.997925 5.01404e-05 1.57359e-08

  0 0.99585 -1.98195e-09

0.997925 5.01413e-05 -1.9082e-17

  0 0.99585 -7.04731e-17

0.99585 0.000100283 0.010041

  0 0.9917 -0.00109767

0.995839 0.00020111 1.11599e-07

  0 0.991677 -1.22811e-08

0.995839 0.000201113 -9.02056e-17

  0 0.991677 -3.11817e-16

0.995839 0.000201115 0.0100822

  0 0.991677 -0.000794964

0.995831 0.000302355 8.11668e-08

  0 0.991661 -6.44763e-09

0.995831 0.000302357 -4.85723e-17

  0 0.991661 -1.81821e-16

0.995831 0.000302359 0.0101234

  0 0.991661 -0.000490296

0.995826 0.000404017 5.02543e-08

  0 0.991652 -2.45777e-09

0.995826 0.000404017 -2.77556e-17

  0 0.991652 -8.76035e-17

0.995826 0.000404019 0.0101645

  0 0.991652 -0.000183821

0.995824 0.00050609 1.89331e-08

  0 0.991648 -3.48636e-10

0.995824 0.00050609 0.0102053

  0 0.991648 0.000124302

0.995825 0.000608572 -1.28411e-08

  0 0.99165 -1.53756e-10

0.995825 0.00060857 0.0102459

  0 0.99165 0.000433908

0.99583 0.000711455 -4.50248e-08

  0 0.991659 -1.90277e-09

0.99583 0.000711455 1.38778e-16

  0 0.991659 -4.55365e-17

0.99583 0.000711457 0.010286

  0 0.991659 0.000744828

0.995837 0.000814741 -7.75711e-08

  0 0.991674 -5.62118e-09

0.995837 0.000814742 2.02963e-16

  0 0.991674 -1.62088e-16

0.995837 0.000814741 0.0103257

  0 0.991674 0.00105689

0.995848 0.000918422 -1.10524e-07

  0 0.991695 -1.13295e-08

0.995848 0.000918422 8.67362e-18

  0 0.991695 -3.15503e-16

0.995848 0.00091842 0.0103647

  0 0.991695 0.00136991

0.995862 0.00102249 -1.43756e-07

  0 0.991723 -1.90446e-08

0.995862 0.00102248 -1.73472e-17

  0 0.991723 -5.00468e-16

0.995862 0.00102249 0.010403

  0 0.991723 0.0016837

0.995878 0.00112693 -1.77303e-07

  0 0.991757 -2.8778e-08

0.995878 0.00112693 -8.32667e-17

  0 0.991757 -7.85179e-16

0.995878 0.00112693 0.0104405

  0 0.991757 0.00199809

0.995899 0.00123174 -2.11182e-07

  0 0.991797 -4.05356e-08

0.995899 0.00123174 1.07553e-16

  0 0.991797 -1.11196e-15

0.995899 0.00123174 0.010477

  0 0.991797 0.00231287

0.995922 0.00133691 -2.45249e-07

  0 0.991844 -5.432e-08

0.995922 0.00133691 -3.24393e-16

  0 0.991844 -1.55388e-15

0.995922 0.00133691 0.0105126

  0 0.991844 0.00262786

0.995948 0.00144243 -2.79598e-07

  0 0.991897 -7.0125e-08

0.995948 0.00144243 -6.33174e-16

  0 0.991897 -1.97932e-15

0.995948 0.00144243 0.0105469

  0 0.991897 0.00294285

0.995978 0.00154828 -3.14045e-07

  0 0.991956 -8.79454e-08

0.995978 0.00154828 3.81639e-16

  0 0.991956 -2.47111e-15

0.995978 0.00154828 0.0105801

  0 0.991956 0.00325765

0.996011 0.00165446 -3.48701e-07

  0 0.992022 -1.07761e-07

0.996011 0.00165445 2.98372e-16

  0 0.992022 -3.04704e-15

0.996011 0.00165445 0.0106119

  0 0.992022 0.00357204

0.996047 0.00176094 -3.83427e-07

  0 0.992094 -1.2956e-07

0.996047 0.00176094 2.37657e-16

  0 0.992094 -3.72619e-15

0.996047 0.00176094 0.0106422

  0 0.992094 0.00388583

0.996086 0.00186771 -4.18214e-07

  0 0.992172 -1.53304e-07

0.996086 0.00186771 -1.42594e-15

  0 0.992172 -4.50161e-15

0.996086 0.00186771 0.0106709

  0 0.992172 0.00419879

0.996128 0.00197476 -4.53028e-07

  0 0.992257 -1.7898e-07

0.996128 0.00197475 -1.53003e-15

  0 0.992257 -5.34035e-15

0.996128 0.00197475 0.010698

  0 0.992257 0.00451073

0.996174 0.00208206 -4.87823e-07

  0 0.992348 -2.06532e-07

0.996174 0.00208205 -7.44196e-16

  0 0.992348 -6.06112e-15

0.996174 0.00208205 0.0107233

  0 0.992348 0.00482142

0.996222 0.00218959 -5.22531e-07

  0 0.992445 -2.35926e-07

0.996222 0.00218959 -6.41848e-17

  0 0.992445 -7.20344e-15

0.996222 0.00218959 0.0107466

  0 0.992445 0.00513066

0.996274 0.00229735 -5.57127e-07

  0 0.992548 -2.67118e-07

0.996274 0.00229734 -8.74301e-16

  0 0.992548 -7.9858e-15

0.996274 0.00229734 0.010768

  0 0.992548 0.00543822

0.996329 0.0024053 -5.9148e-07

  0 0.992658 -3.00051e-07

0.996329 0.00240529 -1.90646e-15

  0 0.992658 -9.07607e-15

0.996329 0.00240529 0.0107873

  0 0.992658 0.00574389

0.996387 0.00251343 -6.25662e-07

  0 0.992774 -3.3466e-07

0.996387 0.00251342 -2.05842e-14

  0 0.992774 -1.05766e-14

0.996387 0.00251342 0.0108043

  0 0.992774 0.00604745

0.996448 0.0026217 -6.59315e-07

  0 0.992896 -3.70895e-07

0.996448 0.00262169 -2.06675e-14

  0 0.992896 -1.12401e-14

0.996448 0.00262169 0.010819

  0 0.992896 0.00634868

0.996512 0.0027301 -6.92869e-07

  0 0.993023 -4.08668e-07

0.996512 0.00273009 -2.28793e-14

  0 0.993023 -1.27797e-14

0.996512 0.00273009 0.0108313

  0 0.993023 0.00664737

0.996579 0.0028386 -7.26044e-07

  0 0.993157 -4.47923e-07

0.996579 0.0028386 -2.26676e-14

  0 0.993157 -1.4426e-14

0.996579 0.00283859 0.010841

  0 0.993157 0.00694329

0.996649 0.00294718 -7.5883e-07

  0 0.993297 -4.88576e-07

0.996649 0.00294717 -2.52211e-14

  0 0.993297 -1.54989e-14

0.996649 0.00294717 0.0108482

  0 0.993297 0.00723623

0.996721 0.0030558 -7.91081e-07

  0 0.993443 -5.30519e-07

0.996721 0.00305579 -2.64389e-14

  0 0.993443 -1.71391e-14

0.996721 0.00305579 0.0108526

  0 0.993443 0.00752598

0.996797 0.00316444 -8.22796e-07

  0 0.993594 -5.73707e-07

0.996797 0.00316444 -2.84252e-14

  0 0.993594 -1.86092e-14

0.996797 0.00316444 0.0108541

  0 0.993594 0.00781231

0.996876 0.00327307 -8.53895e-07

  0 0.993752 -6.18001e-07

0.996876 0.00327307 -2.71918e-14

  0 0.993752 -2.09745e-14

0.996876 0.00327307 0.0108528

  0 0.993752 0.00809502

0.996957 0.00338167 -8.84383e-07

  0 0.993914 -6.63334e-07

0.996957 0.00338166 -3.20247e-14

  0 0.993914 -2.17344e-14

0.996957 0.00338166 0.0108485

  0 0.993914 0.00837389

0.997041 0.00349019 -9.1413e-07

  0 0.994083 -7.09591e-07

0.997041 0.00349018 -2.90861e-14

  0 0.994083 -2.37727e-14

0.997041 0.00349018 0.010841

  0 0.994083 0.00864872

0.997128 0.00359861 -9.43067e-07

  0 0.994257 -7.56703e-07

0.997128 0.0035986 -3.19363e-14

  0 0.994257 -2.67807e-14

0.997128 0.0035986 0.0108304

  0 0.994257 0.00891929

0.997218 0.00370689 -9.71158e-07

  0 0.994436 -8.04511e-07

0.997218 0.00370688 -3.34403e-14

  0 0.994436 -2.79863e-14

0.997218 0.00370688 0.0108166

  0 0.994436 0.0091854

0.997311 0.00381501 -9.98447e-07

  0 0.994621 -8.52934e-07

0.997311 0.00381499 -3.70953e-14

  0 0.994621 -3.05693e-14

0.997311 0.003815 0.0107994

  0 0.994621 0.00944686

0.997406 0.00392292 -1.02474e-06

  0 0.994811 -9.01854e-07

0.997405 0.00392291 -3.65506e-14

  0 0.994811 -3.43961e-14

0.997405 0.00392291 0.0107789

  0 0.994811 0.00970346

0.997503 0.00403059 -1.05006e-06

  0 0.995006 -9.51164e-07

0.997503 0.00403058 -3.67015e-14

  0 0.995006 -9.65374e-15

0.997503 0.00403058 0.0107549

  0 0.995006 0.00995501

0.997603 0.004138 -1.07439e-06

  0 0.995206 -1.00099e-06

0.997603 0.00413798 -4.01415e-14

  0 0.995206 -1.16088e-14

0.997603 0.00413799 0.0107273

  0 0.995206 0.0102013

0.997706 0.00424509 -1.09759e-06

  0 0.995411 -1.05075e-06

0.997706 0.00424508 -4.12535e-14

  0 0.995411 -1.24119e-14

0.997706 0.00424508 0.0106962

  0 0.995411 0.0104422

0.99781 0.00435184 -1.11971e-06

  0 0.995621 -1.10048e-06

0.99781 0.00435183 -4.02699e-14

  0 0.995621 -1.10155e-14

0.99781 0.00435183 0.0106614

  0 0.995621 0.0106775

0.997918 0.00445821 -1.14059e-06

  0 0.995835 -1.15014e-06

0.997918 0.0044582 -4.5932e-14

  0 0.995835 -1.2353e-14

0.997918 0.0044582 0.010623

  0 0.995835 0.010907

0.998027 0.00456416 -1.16026e-06

  0 0.996054 -1.1996e-06

0.998027 0.00456415 -4.41088e-14

  0 0.996054 -1.39246e-14

0.998027 0.00456415 0.0105809

  0 0.996054 0.0111306

0.998139 0.00466966 -1.1787e-06

  0 0.996278 -1.24874e-06

0.998139 0.00466964 -4.6501e-14

  0 0.996278 -1.69396e-14

0.998139 0.00466964 0.010535

  0 0.996278 0.011348

0.998253 0.00477466 -1.19586e-06

  0 0.996506 -1.29742e-06

0.998253 0.00477465 -4.70908e-14

  0 0.996506 -1.57079e-14

0.998253 0.00477465 0.0104853

  0 0.996506 0.0115592

0.998369 0.00487913 -1.21164e-06

  0 0.996738 -1.34553e-06

0.998369 0.00487911 -5.04683e-14

  0 0.996738 -1.95521e-14

0.998369 0.00487911 0.0104318

  0 0.996738 0.011764

0.998487 0.00498303 -1.22614e-06

  0 0.996974 -1.39298e-06

0.998487 0.00498302 -5.44113e-14

  0 0.996974 -1.91219e-14

0.998487 0.00498301 0.0103744

  0 0.996974 0.0119622

0.998607 0.00508632 -1.2392e-06

  0 0.997214 -1.43964e-06

0.998607 0.0050863 1.39194e-14

  0 0.997214 -2.02702e-14

0.998607 0.0050863 0.0103133

  0 0.997214 0.0121537

0.998729 0.00518896 -1.25144e-06

  0 0.997457 -1.4854e-06

0.998729 0.00518895 1.712e-14

  0 0.997457 -2.07299e-14

0.998729 0.00518895 0.0102482

  0 0.997457 0.0123384

0.998852 0.00529092 -1.26162e-06

  0 0.997705 -1.53013e-06

0.998852 0.0052909 1.65493e-14

  0 0.997705 -2.18367e-14

0.998852 0.00529091 0.0101793

  0 0.997705 0.0125161

0.998978 0.00539215 -1.27039e-06

  0 0.997956 -1.57376e-06

0.998978 0.00539214 1.00701e-14

  0 0.997955 -2.60035e-14

0.998978 0.00539214 0.0101066

  0 0.997955 0.0126867

0.999105 0.00549262 -1.27771e-06

  0 0.99821 -1.61612e-06

0.999105 0.00549261 1.75311e-14

  0 0.99821 -2.82326e-14

0.999105 0.00549261 0.01003

  0 0.99821 0.0128502

0.999234 0.00559229 -1.28355e-06

  0 0.998467 -1.65723e-06

0.999234 0.00559228 1.93907e-14

  0 0.998467 -2.634e-14

0.999234 0.00559228 0.00994965

  0 0.998467 0.0130064

0.999364 0.00569112 -1.28785e-06

  0 0.998728 -1.69686e-06

0.999364 0.00569111 1.57808e-14

  0 0.998728 -2.99361e-14

0.999364 0.00569111 0.00986546

  0 0.998728 0.0131553

0.999496 0.00578908 -1.2907e-06

  0 0.998991 -1.73506e-06

0.999495 0.00578907 1.50678e-14

  0 0.998991 -2.83332e-14

0.999495 0.00578906 0.00977752

  0 0.998991 0.0132967

0.999629 0.00588612 -1.29209e-06

  0 0.999257 -1.77161e-06

0.999629 0.00588611 9.49935e-15

  0 0.999257 -3.10151e-14

0.999629 0.00588611 0.00968584

  0 0.999257 0.0134306

0.999763 0.00598221 -1.29195e-06

  0 0.999526 -1.80649e-06

0.999763 0.0059822 1.61624e-14

  0 0.999526 -3.18062e-14

0.999763 0.0059822 0.00959047

  0 0.999526 0.0135569

0.999899 0.00607731 -1.29038e-06

  0 0.999797 -1.83968e-06

0.999899 0.0060773 1.11491e-14

  0 0.999797 -3.56989e-14

0.999899 0.0060773 0.00949147

  0 0.999797 0.0136756

1.00004 0.00617139 -1.28732e-06

  0 1.00007 -1.87099e-06

1.00004 0.00617138 9.09689e-15

  0 1.00007 -3.35565e-14

1.00004 0.00617138 0.00938888

  0 1.00007 0.0137866

1.00017 0.00626441 -1.28281e-06

  0 1.00035 -1.90047e-06

1.00017 0.0062644 1.08125e-14

  0 1.00035 -3.68698e-14

1.00017 0.0062644 0.00928277

  0 1.00035 0.0138899

1.00031 0.00635634 -1.27687e-06

  0 1.00062 -1.92796e-06

1.00031 0.00635633 9.75262e-15

  0 1.00062 -3.88457e-14

1.00031 0.00635633 0.00917319

  0 1.00062 0.0139855

1.00045 0.00644714 -1.26956e-06

  0 1.0009 -1.95351e-06

1.00045 0.00644713 1.41848e-14

  0 1.0009 -3.98154e-14

1.00045 0.00644713 0.00906023

  0 1.0009 0.0140733

1.00059 0.00653679 -1.26087e-06

  0 1.00118 -1.97703e-06

1.00059 0.00653678 1.11439e-14

  0 1.00118 -3.36016e-14

1.00059 0.00653678 0.00894396

  0 1.00118 0.0141533

1.00073 0.00662524 -1.25081e-06

  0 1.00147 -1.99843e-06

1.00073 0.00662523 1.283e-14

  0 1.00147 -4.15033e-14

1.00073 0.00662523 0.00882445

  0 1.00147 0.0142256

1.00088 0.00671247 -1.23947e-06

  0 1.00175 -2.01779e-06

1.00088 0.00671246 1.11074e-14

  0 1.00175 -3.97963e-14

1.00088 0.00671245 0.00870181

  0 1.00175 0.0142901

1.00102 0.00679844 -1.22685e-06

  0 1.00204 -2.03497e-06

1.00102 0.00679843 1.15741e-14

  0 1.00204 -4.18623e-14

1.00102 0.00679843 0.00857611

  0 1.00204 0.0143469

1.00116 0.00688313 -1.21295e-06

  0 1.00232 -2.04999e-06

1.00116 0.00688312 1.26028e-14

  0 1.00232 -3.9033e-14

1.00116 0.00688312 0.00844746

  0 1.00232 0.014396

1.00131 0.00696651 -1.19794e-06

  0 1.00261 -2.06288e-06

1.00131 0.0069665 9.31893e-15

  0 1.00261 -4.22874e-14

1.00131 0.0069665 0.00831595

  0 1.00261 0.0144374

1.00145 0.00704854 -1.1817e-06

  0 1.0029 -2.07358e-06

1.00145 0.00704853 1.13347e-14

  0 1.0029 -4.29413e-14

1.00145 0.00704853 0.00818169

  0 1.0029 0.0144712

1.00159 0.00712921 -1.16443e-06

  0 1.00319 -2.0821e-06

1.00159 0.0071292 1.02383e-14

  0 1.00319 -4.4199e-14

1.00159 0.0071292 0.0080448

  0 1.00319 0.0144975

1.00174 0.00720849 -1.14612e-06

  0 1.00348 -2.0884e-06

1.00174 0.00720848 8.51229e-15

  0 1.00348 -3.93505e-14

1.00174 0.00720848 0.00790537

  0 1.00348 0.0145162

1.00188 0.00728636 -1.12674e-06

  0 1.00377 -2.09266e-06

1.00188 0.00728635 6.93456e-15

  0 1.00377 -4.39787e-14

1.00188 0.00728635 0.00776353

  0 1.00377 0.0145275

1.00203 0.00736278 -1.10647e-06

  0 1.00405 -2.09468e-06

1.00203 0.00736277 1.01134e-14

  0 1.00405 -4.48686e-14

1.00203 0.00736277 0.00761939

  0 1.00405 0.0145315

1.00217 0.00743775 -1.08534e-06

  0 1.00434 -2.09465e-06

1.00217 0.00743774 4.49467e-15

  0 1.00434 -4.30957e-14

1.00217 0.00743774 0.00747308

  0 1.00434 0.0145283

1.00232 0.00751123 -1.06334e-06

  0 1.00463 -2.09249e-06

1.00232 0.00751122 8.95291e-15

  0 1.00463 -4.29049e-14

1.00232 0.00751123 0.00732472

  0 1.00463 0.0145179

1.00246 0.00758322 -1.04058e-06

  0 1.00492 -2.08829e-06

1.00246 0.00758321 8.51229e-15

  0 1.00492 -4.41019e-14

1.00246 0.00758321 0.00717444

  0 1.00492 0.0145004

1.00261 0.00765369 -1.01711e-06

  0 1.00521 -2.08207e-06

1.00261 0.00765368 7.79151e-15

  0 1.00521 -1.02805e-13

1.00261 0.00765368 0.00702236

  0 1.00521 0.014476

1.00275 0.00772262 -9.93034e-07

  0 1.0055 -2.0735e-06

1.00275 0.00772261 7.12364e-15

  0 1.0055 -9.75903e-14

1.00275 0.00772261 0.00686862

  0 1.0055 0.0144448

1.00289 0.00779 -9.68322e-07

  0 1.00579 -2.0634e-06

1.00289 0.00778999 6.04378e-15

  0 1.00579 -9.59805e-14

1.00289 0.00778999 0.00671334

  0 1.00579 0.014407

1.00304 0.00785582 -9.43093e-07

  0 1.00607 -2.05141e-06

1.00304 0.00785581 5.11483e-15

  0 1.00607 -9.87474e-14

1.00304 0.00785581 0.00655665

  0 1.00607 0.0143626

1.00318 0.00792006 -9.17415e-07

  0 1.00636 -2.03759e-06

1.00318 0.00792005 3.45557e-15

  0 1.00636 -9.38919e-14

1.00318 0.00792005 0.00639869

  0 1.00636 0.0143117

1.00332 0.00798271 -8.91325e-07

  0 1.00664 -2.02205e-06

1.00332 0.0079827 7.40553e-15

  0 1.00664 -9.17478e-14

1.00332 0.0079827 0.00623959

  0 1.00664 0.0142546

1.00346 0.00804376 -8.64863e-07

  0 1.00693 -2.00486e-06

1.00346 0.00804375 5.19376e-15

  0 1.00693 -9.29447e-14

1.00346 0.00804376 0.00607949

  0 1.00693 0.0141914

1.0036 0.00810321 -8.38117e-07

  0 1.00721 -1.98596e-06

1.0036 0.0081032 6.83915e-15

  0 1.00721 -9.51444e-14

1.0036 0.0081032 0.00591851

  0 1.00721 0.0141223

1.00374 0.00816104 -8.11148e-07

  0 1.00749 -1.96561e-06

1.00374 0.00816104 6.91981e-15

  0 1.00749 -9.32969e-14

1.00374 0.00816104 0.00575678

  0 1.00749 0.0140473

1.00388 0.00821725 -7.83991e-07

  0 1.00777 -1.94367e-06

1.00388 0.00821725 7.45064e-15

  0 1.00777 -9.295e-14

1.00388 0.00821725 0.00559445

  0 1.00777 0.0139668

1.00402 0.00827184 -7.5678e-07

  0 1.00804 -1.92035e-06

1.00402 0.00827183 6.05679e-15

  0 1.00804 -8.62678e-14

1.00402 0.00827183 0.00543163

  0 1.00804 0.0138807

1.00416 0.0083248 -7.29438e-07

  0 1.00832 -1.89576e-06

1.00416 0.00832479 7.78457e-15

  0 1.00832 -9.19022e-14

1.00416 0.00832479 0.00526847

  0 1.00832 0.0137894

1.0043 0.00837612 -7.02162e-07

  0 1.00859 -1.86984e-06

1.0043 0.00837612 4.74534e-15

  0 1.00859 -8.24757e-14

1.0043 0.00837612 0.00510507

  0 1.00859 0.0136929

1.00443 0.00842582 -6.74876e-07

  0 1.00886 -1.84281e-06

1.00443 0.00842581 6.1123e-15

  0 1.00886 -8.25937e-14

1.00443 0.00842581 0.00494158

  0 1.00886 0.0135915

1.00457 0.00847388 -6.47715e-07

  0 1.00913 -1.81462e-06

1.00457 0.00847387 6.97966e-15

  0 1.00913 -8.39606e-14

1.00457 0.00847387 0.00477811

  0 1.00913 0.0134854

1.0047 0.00852031 -6.20671e-07

  0 1.0094 -1.78539e-06

1.0047 0.0085203 5.87204e-15

  0 1.0094 -7.84078e-14

1.0047 0.0085203 0.00461479

  0 1.0094 0.0133747

1.00483 0.00856511 -5.93846e-07

  0 1.00967 -1.75532e-06

1.00483 0.0085651 5.2406e-15

  0 1.00967 -8.21287e-14

1.00483 0.00856511 0.00445173

  0 1.00967 0.0132596

1.00496 0.00860829 -5.67224e-07

  0 1.00993 -1.72429e-06

1.00496 0.00860828 6.93022e-15

  0 1.00993 -7.70408e-14

1.00496 0.00860828 0.00428906

  0 1.00993 0.0131403

1.00509 0.00864985 -5.40913e-07

  0 1.01019 -1.6925e-06

1.00509 0.00864984 4.78177e-15

  0 1.01019 2.08687e-14

1.00509 0.00864984 0.00412687

  0 1.01019 0.0130169

1.00522 0.00868979 -5.14892e-07

  0 1.01045 -1.66077e-06

1.00522 0.00868979 6.00995e-15

  0 1.01045 2.14499e-14

1.00522 0.00868979 0.0039653

  0 1.01045 0.0128898

1.00535 0.00872813 -4.89254e-07

  0 1.0107 -1.62767e-06

1.00535 0.00872813 6.15176e-15

  0 1.0107 2.36252e-14

1.00535 0.00872813 0.00380443

  0 1.0107 0.012759

1.00548 0.00876487 -4.6399e-07

  0 1.01095 -1.594e-06

1.00548 0.00876487 6.34432e-15

  0 1.01095 2.04853e-14

1.00548 0.00876487 0.00364438

  0 1.01095 0.0126247

1.0056 0.00880002 -4.39139e-07

  0 1.0112 -1.55981e-06

1.0056 0.00880002 5.80655e-15

  0 1.0112 2.24439e-14


Iterations	quantity is 103







































warning: GDB: Failed to set controlling terminal: Operation not permitted
       0
  -0.412
0.00999983
-0.00134747
   0.412        0
       0 0.823999
0.0242714
-0.00163529
0 0

0.0242714
-0.413635
-0.0141712
0.000274311
0.413635 -0.0242714
       0 0.831407
-0.0342408
0.000329936
0.00999983 0.0242714

-0.00996936
-0.413305
0.019928
-5.28965e-05
0.413305 0.00996936
      -0 0.830744
0.0482161
-6.36736e-05
0.0141712 3.4346

0.0382468
-0.413369
-0.0280888
1.02508e-05
0.413369 -0.0382468
       0 0.830872
-0.0679499
1.23374e-05
0.019928 0.0482161

-0.0297031
-0.413357
0.0395802
-1.9846e-06
0.413357 0.0297031
      -0 0.830847
0.095753
-2.38865e-06
0.0280888 2.28764

0.0660499
-0.413359
-0.0557771
3.843e-07
0.413359 -0.0660499
       0 0.830852
-0.134936
4.62538e-07
0.0395802 0.095753

-0.0688861
-0.413359
0.0786012
-7.44136e-08
0.413359 0.0688861
      -0 0.830851
0.190153
-8.95631e-08
0.0557771 1.95883

0.121266
-0.413359
-0.110765
1.44091e-08
0.413359 -0.121266
       0 0.830851
-0.267964
1.73426e-08
0.0786012 0.190153

-0.146698
-0.413359
0.156091
-2.79011e-09
0.413359 0.146698
      -0 0.830851
0.377617
-3.35813e-09
0.110765 1.82664

0.230919
-0.413359
-0.219965
5.40262e-10
0.413359 -0.230919
       0 0.830851
-0.53214
6.50252e-10
0.156091 0.377617

-0.301221
-0.413359
0.309976
-1.04614e-10
0.413359 0.301221
      -0 0.830851
0.749895
-1.25911e-10
0.219965 1.76661

0.448674
-0.413359
-0.43682
2.02569e-11
0.413359 -0.448674
       0 0.830851
-1.05676
2.43809e-11
0.309976 0.749895

-0.608083
-0.413359
0.615569
-3.92243e-12
0.413359 0.608083
      -0 0.830851
 1.48919
-4.72098e-12
0.43682 1.73785

0.881106
-0.413359
-0.867464
7.59542e-13
0.413359 -0.881106
       0 0.830851
-2.09858
9.14174e-13
0.615569 1.48919

-1.21747
-0.413359
 1.22244
-1.47058e-13
0.413359  1.21747
      -0 0.830851
 2.95733
-1.76997e-13
0.867464 1.72372

 1.73986
-0.413359
-1.72267
2.84486e-14
0.413359 -1.73986
       0 0.830851
-4.16748
3.42403e-14
1.22244 1.69975

-2.42763
-0.413359
 2.42759
-5.51859e-15
0.413359  2.42763
      -0 0.830851
 5.87284
-6.64209e-15
1.72267 1.71669

 3.44522
-0.413359
-3.42098
1.08767e-15
0.413359 -3.44522
       0 0.830851
-8.27605
1.30911e-15
2.42759 1.70464

